[
          [
            82.87994607298072,
            25.13196635334836
          ],
          [
            82.87906207442245,
            25.134646625500267
          ],
          [
            82.88056443507418,
            25.13688677419664
          ],
          [
            82.88052024892556,
            25.139846907820242
          ],
          [
            82.88281796897473,
            25.141646964903885
          ],
          [
            82.88227399333647,
            25.144898617924667
          ],
          [
            82.88471816270828,
            25.14645127497272
          ],
          [
            82.8858759271481,
            25.14893548516619
          ],
          [
            82.88518984451713,
            25.15173016119273
          ],
          [
            82.88741961306698,
            25.153593242986943
          ],
          [
            82.88870602196181,
            25.156310187436375
          ],
          [
            82.89187915412822,
            25.15794032436834
          ],
          [
            82.89217931527992,
            25.160385488923495
          ],
          [
            82.89496652596716,
            25.16077360577495
          ],
          [
            82.89368012103517,
            25.16325752437372
          ],
          [
            82.89445196399464,
            25.165663772277185
          ],
          [
            82.89822541846331,
            25.165819012446548
          ],
          [
            82.8995118233965,
            25.168458065097425
          ],
          [
            82.89809677073868,
            25.170708984233826
          ],
          [
            82.90152718369654,
            25.171291109858018
          ],
          [
            82.90054093991512,
            25.174667383127186
          ],
          [
            82.90315662994522,
            25.176297274685524
          ],
          [
            82.90362831175418,
            25.17885848881518
          ],
          [
            82.9064583958841,
            25.1793241583608
          ],
          [
            82.90795920163936,
            25.180721156226184
          ],
          [
            82.90933136690109,
            25.183165863956745
          ],
          [
            82.90855952394162,
            25.185843344719373
          ],
          [
            82.9105748916694,
            25.188326752539595
          ],
          [
            82.9094171092845,
            25.19081011519644
          ],
          [
            82.91113231586172,
            25.193332223028307
          ],
          [
            82.91040335306593,
            25.195117067783258
          ],
          [
            82.91271888194552,
            25.19787188551578
          ],
          [
            82.91302149003917,
            25.200670288726158
          ],
          [
            82.91499397760202,
            25.202416227571504
          ],
          [
            82.91803846927735,
            25.2039681521926
          ],
          [
            82.92065413859001,
            25.204200942397975
          ],
          [
            82.9239130310861,
            25.20517088338427
          ],
          [
            82.9270004029251,
            25.203929357536055
          ],
          [
            82.92785800621306,
            25.20544246547533
          ],
          [
            82.92927305163977,
            25.206761569871844
          ],
          [
            82.9326177044644,
            25.207847880406817
          ],
          [
            82.93617673985358,
            25.207149560811544
          ],
          [
            82.93840650840343,
            25.20874022144163
          ],
          [
            82.94136523974896,
            25.2085850359543
          ],
          [
            82.94290892566784,
            25.206877982529164
          ],
          [
            82.94526733471105,
            25.209205776718676
          ],
          [
            82.94753998342571,
            25.210408452939987
          ],
          [
            82.95067023542964,
            25.20986531031123
          ],
          [
            82.95274842753719,
            25.207316798601695
          ],
          [
            82.95459227460793,
            25.209722176492903
          ],
          [
            82.95819420841946,
            25.209799768536314
          ],
          [
            82.9594806133527,
            25.207821155968944
          ],
          [
            82.96213918354647,
            25.20696762689188
          ],
          [
            82.96479775374144,
            25.206696048203597
          ],
          [
            82.96719904294952,
            25.207006423798305
          ],
          [
            82.96990041753162,
            25.2087134917914
          ],
          [
            82.97285914887715,
            25.208985065979434
          ],
          [
            82.97598940088102,
            25.2087134917914
          ],
          [
            82.97821905699698,
            25.20716164839888
          ],
          [
            82.98203539163052,
            25.207006460897773
          ],
          [
            82.98572308577064,
            25.205958940094874
          ],
          [
            82.98875682342344,
            25.205415811552115
          ],
          [
            82.99184419526244,
            25.204989039328524
          ],
          [
            82.99536036874542,
            25.205144229401597
          ],
          [
            82.99973414551641,
            25.205377014138662
          ],
          [
            83.00226407521797,
            25.205454608953175
          ],
          [
            83.00393640163031,
            25.207200479184735
          ],
          [
            83.00758121560676,
            25.208170396270347
          ],
          [
            83.00929642218398,
            25.21011020725541
          ],
          [
            83.01278010225786,
            25.211429284131142
          ],
          [
            83.0147097096571,
            25.213524222561375
          ],
          [
            83.01651066522004,
            25.21623983900274
          ],
          [
            83.01972667755126,
            25.21783038081614
          ],
          [
            83.0216562849505,
            25.220080380063095
          ],
          [
            83.02238524774629,
            25.222407921699826
          ],
          [
            83.02319997087056,
            25.224696627544432
          ],
          [
            83.02564414024238,
            25.22671375631269
          ],
          [
            83.02620158237983,
            25.22977817637691
          ],
          [
            83.02890303273841,
            25.231911587785447
          ],
	  [
            83.02883917459894,
            25.23195744411801
          ],
          [
            83.02918221591437,
            25.234207182020697
          ],
          [
            83.03076878199812,
            25.23552597453923
          ],
          [
            83.0308974224904,
            25.238822893242485
          ],
	  [
            83.03085416454502,
            25.23880107097537
          ],
          [
            83.02923562333262,
            25.24017164719109
          ],
          [
            83.02913231219225,
            25.24204058984894
          ],
          [
            83.03013098655646,
            25.244002948706765
          ],
          [
            83.02906343809735,
            25.246681673135356
          ],
          [
            83.03009654453257,
            25.249422635271102
          ],
          [
            83.02964886291966,
            25.25197665524422
          ],
          [
            83.02885681083819,
            25.253689687334088
          ],
          [
            83.02813363284969,
            25.256274762749996
          ],
          [
            83.02734158076618,
            25.259669537248556
          ],
          [
            83.02444885895568,
            25.261039881350627
          ],
          [
            83.0247587923788,
            25.2631576503518
          ],
          [
            83.02255482136763,
            25.26402966214495
          ],
          [
            83.02279588069587,
            25.26630309201316
          ]
        ]